Team Name   GP  HW  HD  HL  GF  GA  AW  AD  AL  GF  GA   GD   TP
asd          1   1   0   021412134   0   0   0   0   0    7    3
sad          0   0   0   0   0   0   0   0   0   0   0    0    0
sa           0   0   0   0   0   0   0   0   0   0   0    0    0
ds           0   0   0   0   0   0   0   0   0   0   0    0    0
d            0   0   0   0   0   0   0   0   0   0   0    0    0
sd           0   0   0   0   0   0   0   0   0   0   0    0    0
f            0   0   0   0   0   0   0   0   0   0   0    0    0
v            0   0   0   0   0   0   0   0   0   0   0    0    0
sdv          0   0   0   0   0   0   0   0   0   0   0    0    0
hnhj         0   0   0   0   0   0   0   0   0   0   0    0    0
hhgdfs       0   0   0   0   0   0   0   0   0   0   0    0    0
s            0   0   0   0   0   0   0   0   0   0   0    0    0
j            0   0   0   0   0   0   0   0   0   0   0    0    0
gfds         0   0   0   0   0   0   0   0   0   0   0    0    0
sdfgh        0   0   0   0   0   0   0   0   0   0   0    0    0
dj           1   0   0   0   0   0   0   0   121342141   -7    0
